num_days: 34
mean_return: 0.009770456701517105
cumulative_return: 0.34264397621154785
sharpe: 3.337013747628619
top_picks: [(Timestamp('2021-01-04 00:00:00'), 'SH603089'), (Timestamp('2021-01-05 00:00:00'), 'SH600751'), (Timestamp('2021-01-06 00:00:00'), 'SH600766'), (Timestamp('2021-01-07 00:00:00'), 'SH603256'), (Timestamp('2021-01-08 00:00:00'), 'SH603603'), (Timestamp('2021-01-11 00:00:00'), 'SZ002992'), (Timestamp('2021-01-12 00:00:00'), 'SZ002983'), (Timestamp('2021-01-13 00:00:00'), 'SZ002981'), (Timestamp('2021-01-14 00:00:00'), 'SH600791'), (Timestamp('2021-01-15 00:00:00'), 'SZ002977'), (Timestamp('2021-01-18 00:00:00'), 'SZ000506'), (Timestamp('2021-01-19 00:00:00'), 'SH603089'), (Timestamp('2021-01-20 00:00:00'), 'SH600753'), (Timestamp('2021-01-21 00:00:00'), 'SH603825'), (Timestamp('2021-01-22 00:00:00'), 'SZ000606'), (Timestamp('2021-01-25 00:00:00'), 'SH600122'), (Timestamp('2021-01-26 00:00:00'), 'SZ002682'), (Timestamp('2021-01-27 00:00:00'), 'SZ002931'), (Timestamp('2021-01-28 00:00:00'), 'SH600890'), (Timestamp('2021-01-29 00:00:00'), 'SH600722'), (Timestamp('2021-02-01 00:00:00'), 'SZ000697'), (Timestamp('2021-02-02 00:00:00'), 'SZ002581'), (Timestamp('2021-02-03 00:00:00'), 'SZ000697'), (Timestamp('2021-02-04 00:00:00'), 'SH603161'), (Timestamp('2021-02-05 00:00:00'), 'SH600360'), (Timestamp('2021-02-08 00:00:00'), 'SZ000040'), (Timestamp('2021-02-09 00:00:00'), 'SH603536'), (Timestamp('2021-02-10 00:00:00'), 'SZ002908'), (Timestamp('2021-02-18 00:00:00'), 'SZ002702'), (Timestamp('2021-02-19 00:00:00'), 'SZ000861'), (Timestamp('2021-02-22 00:00:00'), 'SH603786'), (Timestamp('2021-02-23 00:00:00'), 'SH605116'), (Timestamp('2021-02-24 00:00:00'), 'SZ002847'), (Timestamp('2021-02-25 00:00:00'), 'SH603976')]
ic: 0.02699124642978029
rank_ic: 0.03194611113493645
score_debias: expanding_mean
top1_mean_return: 0.009770456701517105
top1_cumulative_return: 0.34264397621154785
top1_sharpe: 3.337013747628619
top1_num_days: 34
top3_mean_return: 0.0016641198890283704
top3_cumulative_return: 0.02617347240447998
top3_sharpe: 0.6140066092864064
top3_num_days: 34
top5_mean_return: 0.0013251565396785736
top5_cumulative_return: 0.022361397743225098
top5_sharpe: 0.5697903030115773
top5_num_days: 34
