num_days: 34
mean_return: 0.009992499835789204
cumulative_return: 0.35270774364471436
sharpe: 3.4124655312946675
top_picks: [(Timestamp('2021-01-04 00:00:00'), 'SH603089'), (Timestamp('2021-01-05 00:00:00'), 'SH600751'), (Timestamp('2021-01-06 00:00:00'), 'SH600766'), (Timestamp('2021-01-07 00:00:00'), 'SH603256'), (Timestamp('2021-01-08 00:00:00'), 'SH603603'), (Timestamp('2021-01-11 00:00:00'), 'SZ002992'), (Timestamp('2021-01-12 00:00:00'), 'SZ002983'), (Timestamp('2021-01-13 00:00:00'), 'SZ002981'), (Timestamp('2021-01-14 00:00:00'), 'SH600791'), (Timestamp('2021-01-15 00:00:00'), 'SZ002977'), (Timestamp('2021-01-18 00:00:00'), 'SZ000506'), (Timestamp('2021-01-19 00:00:00'), 'SH603089'), (Timestamp('2021-01-20 00:00:00'), 'SH600753'), (Timestamp('2021-01-21 00:00:00'), 'SH603825'), (Timestamp('2021-01-22 00:00:00'), 'SZ000606'), (Timestamp('2021-01-25 00:00:00'), 'SH600122'), (Timestamp('2021-01-26 00:00:00'), 'SZ002682'), (Timestamp('2021-01-27 00:00:00'), 'SZ002931'), (Timestamp('2021-01-28 00:00:00'), 'SH600890'), (Timestamp('2021-01-29 00:00:00'), 'SH600722'), (Timestamp('2021-02-01 00:00:00'), 'SZ000697'), (Timestamp('2021-02-02 00:00:00'), 'SZ002581'), (Timestamp('2021-02-03 00:00:00'), 'SZ000697'), (Timestamp('2021-02-04 00:00:00'), 'SH603161'), (Timestamp('2021-02-05 00:00:00'), 'SH600360'), (Timestamp('2021-02-08 00:00:00'), 'SZ000040'), (Timestamp('2021-02-09 00:00:00'), 'SH603536'), (Timestamp('2021-02-10 00:00:00'), 'SZ002908'), (Timestamp('2021-02-18 00:00:00'), 'SZ002702'), (Timestamp('2021-02-19 00:00:00'), 'SZ000861'), (Timestamp('2021-02-22 00:00:00'), 'SH603786'), (Timestamp('2021-02-23 00:00:00'), 'SZ002853'), (Timestamp('2021-02-24 00:00:00'), 'SZ002847'), (Timestamp('2021-02-25 00:00:00'), 'SH603976')]
ic: 0.02638405218323972
rank_ic: 0.03145513593718316
score_debias: expanding_mean
top1_mean_return: 0.009992499835789204
top1_cumulative_return: 0.35270774364471436
top1_sharpe: 3.4124655312946675
top1_num_days: 34
top3_mean_return: 0.0002802147064357996
top3_cumulative_return: -0.013871192932128906
top3_sharpe: 0.11932126336972669
top3_num_days: 34
top5_mean_return: 0.0005796686164103448
top5_cumulative_return: -0.0027322769165039062
top5_sharpe: 0.2518278442079381
top5_num_days: 34
