num_days: 34
mean_return: 0.006377337034791708
cumulative_return: 0.1308908462524414
sharpe: 1.3418538277944008
top_picks: [(Timestamp('2021-01-04 00:00:00'), 'SH600122'), (Timestamp('2021-01-05 00:00:00'), 'SZ000737'), (Timestamp('2021-01-06 00:00:00'), 'SH600884'), (Timestamp('2021-01-07 00:00:00'), 'SZ000509'), (Timestamp('2021-01-08 00:00:00'), 'SZ000692'), (Timestamp('2021-01-11 00:00:00'), 'SZ002240'), (Timestamp('2021-01-12 00:00:00'), 'SH600609'), (Timestamp('2021-01-13 00:00:00'), 'SH600198'), (Timestamp('2021-01-14 00:00:00'), 'SH600198'), (Timestamp('2021-01-15 00:00:00'), 'SZ000861'), (Timestamp('2021-01-18 00:00:00'), 'SH600861'), (Timestamp('2021-01-19 00:00:00'), 'SZ000861'), (Timestamp('2021-01-20 00:00:00'), 'SZ000502'), (Timestamp('2021-01-21 00:00:00'), 'SZ002943'), (Timestamp('2021-01-22 00:00:00'), 'SH600609'), (Timestamp('2021-01-25 00:00:00'), 'SH600791'), (Timestamp('2021-01-26 00:00:00'), 'SH600638'), (Timestamp('2021-01-27 00:00:00'), 'SZ000697'), (Timestamp('2021-01-28 00:00:00'), 'SZ002759'), (Timestamp('2021-01-29 00:00:00'), 'SH600744'), (Timestamp('2021-02-01 00:00:00'), 'SZ000697'), (Timestamp('2021-02-02 00:00:00'), 'SH600630'), (Timestamp('2021-02-03 00:00:00'), 'SZ000920'), (Timestamp('2021-02-04 00:00:00'), 'SZ000815'), (Timestamp('2021-02-05 00:00:00'), 'SZ000815'), (Timestamp('2021-02-08 00:00:00'), 'SZ000040'), (Timestamp('2021-02-09 00:00:00'), 'SZ000040'), (Timestamp('2021-02-10 00:00:00'), 'SZ000040'), (Timestamp('2021-02-18 00:00:00'), 'SH600744'), (Timestamp('2021-02-19 00:00:00'), 'SH600744'), (Timestamp('2021-02-22 00:00:00'), 'SH600732'), (Timestamp('2021-02-23 00:00:00'), 'SZ002759'), (Timestamp('2021-02-24 00:00:00'), 'SZ002847'), (Timestamp('2021-02-25 00:00:00'), 'SZ000816')]
ic: 0.00840698646126736
rank_ic: 0.01343438807812678
score_debias: expanding_mean
top1_mean_return: 0.006377337034791708
top1_cumulative_return: 0.1308908462524414
top1_sharpe: 1.3418538277944008
top1_num_days: 34
top3_mean_return: -0.005955731496214867
top3_cumulative_return: -0.2176181674003601
top3_sharpe: -1.8988307104696944
top3_num_days: 34
top5_mean_return: -0.0012044809991493821
top5_cumulative_return: -0.07405811548233032
top5_sharpe: -0.41103676507740056
top5_num_days: 34
