num_days: 34
mean_return: 0.005398162640631199
cumulative_return: 0.150612473487854
sharpe: 1.6928372338658582
top_picks: [(Timestamp('2021-01-04 00:00:00'), 'SH600122'), (Timestamp('2021-01-05 00:00:00'), 'SZ000737'), (Timestamp('2021-01-06 00:00:00'), 'SH600884'), (Timestamp('2021-01-07 00:00:00'), 'SZ000509'), (Timestamp('2021-01-08 00:00:00'), 'SZ002149'), (Timestamp('2021-01-11 00:00:00'), 'SZ002240'), (Timestamp('2021-01-12 00:00:00'), 'SH600212'), (Timestamp('2021-01-13 00:00:00'), 'SH603032'), (Timestamp('2021-01-14 00:00:00'), 'SH600198'), (Timestamp('2021-01-15 00:00:00'), 'SZ000861'), (Timestamp('2021-01-18 00:00:00'), 'SH600861'), (Timestamp('2021-01-19 00:00:00'), 'SZ000861'), (Timestamp('2021-01-20 00:00:00'), 'SZ000502'), (Timestamp('2021-01-21 00:00:00'), 'SZ002943'), (Timestamp('2021-01-22 00:00:00'), 'SH603995'), (Timestamp('2021-01-25 00:00:00'), 'SZ002998'), (Timestamp('2021-01-26 00:00:00'), 'SH600638'), (Timestamp('2021-01-27 00:00:00'), 'SZ000697'), (Timestamp('2021-01-28 00:00:00'), 'SZ002759'), (Timestamp('2021-01-29 00:00:00'), 'SH600225'), (Timestamp('2021-02-01 00:00:00'), 'SZ000697'), (Timestamp('2021-02-02 00:00:00'), 'SH600630'), (Timestamp('2021-02-03 00:00:00'), 'SZ000920'), (Timestamp('2021-02-04 00:00:00'), 'SZ000815'), (Timestamp('2021-02-05 00:00:00'), 'SZ000815'), (Timestamp('2021-02-08 00:00:00'), 'SZ000815'), (Timestamp('2021-02-09 00:00:00'), 'SZ000040'), (Timestamp('2021-02-10 00:00:00'), 'SZ000040'), (Timestamp('2021-02-18 00:00:00'), 'SZ000863'), (Timestamp('2021-02-19 00:00:00'), 'SZ002759'), (Timestamp('2021-02-22 00:00:00'), 'SH603915'), (Timestamp('2021-02-23 00:00:00'), 'SH603915'), (Timestamp('2021-02-24 00:00:00'), 'SZ002847'), (Timestamp('2021-02-25 00:00:00'), 'SZ000816')]
ic: 0.0039052154981928672
rank_ic: 0.01211365816674271
score_debias: expanding_mean
top1_mean_return: 0.005398162640631199
top1_cumulative_return: 0.150612473487854
top1_sharpe: 1.6928372338658582
top1_num_days: 34
top3_mean_return: -8.606648043496534e-05
top3_cumulative_return: -0.034989893436431885
top3_sharpe: -0.031070196381012688
top3_num_days: 34
top5_mean_return: -0.0012477315030992031
top5_cumulative_return: -0.06259554624557495
top5_sharpe: -0.5459857480419655
top5_num_days: 34
