num_days: 34
mean_return: 0.01112766657024622
cumulative_return: 0.2761183977127075
sharpe: 1.951832978185959
top_picks: [(Timestamp('2021-01-04 00:00:00'), 'SH600122'), (Timestamp('2021-01-05 00:00:00'), 'SH600122'), (Timestamp('2021-01-06 00:00:00'), 'SH603089'), (Timestamp('2021-01-07 00:00:00'), 'SH600751'), (Timestamp('2021-01-08 00:00:00'), 'SZ000692'), (Timestamp('2021-01-11 00:00:00'), 'SH600727'), (Timestamp('2021-01-12 00:00:00'), 'SH600609'), (Timestamp('2021-01-13 00:00:00'), 'SH600609'), (Timestamp('2021-01-14 00:00:00'), 'SH600198'), (Timestamp('2021-01-15 00:00:00'), 'SH600609'), (Timestamp('2021-01-18 00:00:00'), 'SH600609'), (Timestamp('2021-01-19 00:00:00'), 'SZ000861'), (Timestamp('2021-01-20 00:00:00'), 'SZ000502'), (Timestamp('2021-01-21 00:00:00'), 'SZ002943'), (Timestamp('2021-01-22 00:00:00'), 'SH600609'), (Timestamp('2021-01-25 00:00:00'), 'SH600122'), (Timestamp('2021-01-26 00:00:00'), 'SH600638'), (Timestamp('2021-01-27 00:00:00'), 'SZ000697'), (Timestamp('2021-01-28 00:00:00'), 'SZ002759'), (Timestamp('2021-01-29 00:00:00'), 'SH600744'), (Timestamp('2021-02-01 00:00:00'), 'SZ000697'), (Timestamp('2021-02-02 00:00:00'), 'SH600630'), (Timestamp('2021-02-03 00:00:00'), 'SZ000920'), (Timestamp('2021-02-04 00:00:00'), 'SH600744'), (Timestamp('2021-02-05 00:00:00'), 'SZ000040'), (Timestamp('2021-02-08 00:00:00'), 'SZ000040'), (Timestamp('2021-02-09 00:00:00'), 'SZ000040'), (Timestamp('2021-02-10 00:00:00'), 'SZ000040'), (Timestamp('2021-02-18 00:00:00'), 'SH600744'), (Timestamp('2021-02-19 00:00:00'), 'SH600744'), (Timestamp('2021-02-22 00:00:00'), 'SH600732'), (Timestamp('2021-02-23 00:00:00'), 'SH600191'), (Timestamp('2021-02-24 00:00:00'), 'SZ002847'), (Timestamp('2021-02-25 00:00:00'), 'SZ000816')]
ic: 0.01031032101628563
rank_ic: 0.013786715833722523
score_debias: expanding_mean
top1_mean_return: 0.01112766657024622
top1_cumulative_return: 0.2761183977127075
top1_sharpe: 1.951832978185959
top1_num_days: 34
top3_mean_return: 0.00027681447681970894
top3_cumulative_return: -0.07259470224380493
top3_sharpe: 0.06069847631081222
top3_num_days: 34
top5_mean_return: -0.0017986753955483437
top5_cumulative_return: -0.1082724928855896
top5_sharpe: -0.5040506588223179
top5_num_days: 34
