num_days: 34
mean_return: -0.011035790666937828
cumulative_return: -0.41230374574661255
sharpe: -1.8604327900507482
top_picks: [(Timestamp('2021-01-04 00:00:00'), 'SH600122'), (Timestamp('2021-01-05 00:00:00'), 'SH600122'), (Timestamp('2021-01-06 00:00:00'), 'SH603089'), (Timestamp('2021-01-07 00:00:00'), 'SH600122'), (Timestamp('2021-01-08 00:00:00'), 'SZ000692'), (Timestamp('2021-01-11 00:00:00'), 'SH600122'), (Timestamp('2021-01-12 00:00:00'), 'SH600609'), (Timestamp('2021-01-13 00:00:00'), 'SH600609'), (Timestamp('2021-01-14 00:00:00'), 'SH600198'), (Timestamp('2021-01-15 00:00:00'), 'SH600609'), (Timestamp('2021-01-18 00:00:00'), 'SH600609'), (Timestamp('2021-01-19 00:00:00'), 'SZ000861'), (Timestamp('2021-01-20 00:00:00'), 'SZ000502'), (Timestamp('2021-01-21 00:00:00'), 'SH600122'), (Timestamp('2021-01-22 00:00:00'), 'SH600609'), (Timestamp('2021-01-25 00:00:00'), 'SH600122'), (Timestamp('2021-01-26 00:00:00'), 'SH600122'), (Timestamp('2021-01-27 00:00:00'), 'SH600052'), (Timestamp('2021-01-28 00:00:00'), 'SH600052'), (Timestamp('2021-01-29 00:00:00'), 'SH600744'), (Timestamp('2021-02-01 00:00:00'), 'SH600052'), (Timestamp('2021-02-02 00:00:00'), 'SH600156'), (Timestamp('2021-02-03 00:00:00'), 'SH600052'), (Timestamp('2021-02-04 00:00:00'), 'SH600744'), (Timestamp('2021-02-05 00:00:00'), 'SZ000040'), (Timestamp('2021-02-08 00:00:00'), 'SH600744'), (Timestamp('2021-02-09 00:00:00'), 'SH600744'), (Timestamp('2021-02-10 00:00:00'), 'SZ000040'), (Timestamp('2021-02-18 00:00:00'), 'SH600744'), (Timestamp('2021-02-19 00:00:00'), 'SH600744'), (Timestamp('2021-02-22 00:00:00'), 'SZ000502'), (Timestamp('2021-02-23 00:00:00'), 'SH600744'), (Timestamp('2021-02-24 00:00:00'), 'SH600744'), (Timestamp('2021-02-25 00:00:00'), 'SZ000816')]
ic: 0.013507885371834411
rank_ic: 0.01462921983095957
score_debias: expanding_mean
top1_mean_return: -0.011035790666937828
top1_cumulative_return: -0.41230374574661255
top1_sharpe: -1.8604327900507482
top1_num_days: 34
top3_mean_return: 0.00580485537648201
top3_cumulative_return: 0.0942918062210083
top3_sharpe: 1.1377698841138535
top3_num_days: 34
top5_mean_return: 0.006694260984659195
top5_cumulative_return: 0.17196893692016602
top5_sharpe: 1.6433902383197725
top5_num_days: 34
